67852
62262
45402
53612
53957
40312
37005
44882
39530
54569
59762
4148
57926
47686
61872
49497
18803
49082
37241
56764
48416
53270
52433
40129
34309
55945
48172
68164
49054
40909
7781
56491
44652
21711
52036
46745
63465
48858
16430
53447
53661
56481
52268
48663
1175
44492
52428
51425
56825
53656
37017
58686
44031
38549
52802
30443
61005
55384
56490
39028
47723
47672
11627
46489
57620
53765
26968
41240
56955
35462
41708
40480
52203
38593
46644
54446
49616
59211
38703
69894
17416
40643
58134
53675
55490
43421
65598
49757
51242
53281
48828
51181
57674
57392
58144
40182
48153
54355
43503
49599
58086
48033
45901
47795
60484
57723
60212
55253
45287
32281
42171
42054
48417
55449
34284
58985
47147
51106
42566
58368
49200
46343
48781
27639
54702
36616
45157
13709
19802
32460
48109
56274
53036
55894
49541
38795
55862
48546
39485
37465
52059
56535
54871
41404
38361
32435
51940
40012
29855
41044
55091
34632
46091
52536
49532
42091
54199
51821
15674
46196
52496
57331
39487
37039
48653
37364
48123
50745
44803
47640
52974
70509
49412
56531
60320
41858
58557
54079
11984
61319
45237
48437
48876
19897
40283
50855
55994
52406
48106
43248
53356
24686
33898
46167
50925
32354
3104
18814
58424
50096
41094
54735
45411
35096
50534
40868
41605
46484
61192
37280
47611
52002
52595
56048
46838
48125
53806
13147
42635
40276
50124
36954
37865
47049
36392
50458
42112
48862
59450
64161
45600
45403
50882
55139
42352
42016
41762
48349
67563
42033
